0 1
2 3
4 5
6 7
8 9
10 11
12 13
14 15
16 6
17 18
19 20
21 22
23 24
25 26
6 27
28 27
29 30
31 32
23 33
34 35
6 20
36 37
20 38
39 12
40 41
42 43
33 44
5 24
4 45
46 47
35 48
49 50
18 51
52 20
4 53
29 47
54 55
22 56
57 58
5 27
59 60
35 61
62 63
64 22
14 65
12 66
67 68
16 69
48 70
71 72
73 74
75 33
20 5
76 77
78 79
79 27
80 81
82 79
83 22
84 85
86 87
48 34
30 87
88 8
89 32
90 91
92 93
94 32
95 96
29 42
48 97
98 99
16 100
1 101
102 55
40 17
27 7
24 96
29 101
103 68
104 105
106 107
108 44
23 109
110 111
59 112
113 114
83 115
17 73
88 71
90 112
20 71
116 117
118 119
120 112
6 76
114 121
49 22
82 122
109 123
78 52
39 102
98 124
27 98
59 105
87 49
76 125
15 43
30 22
6 99
96 23
79 102
72 3
17 33
40 79
98 79
121 46
31 126
45 11
21 44
127 128
129 101
38 123
27 72
38 111
7 79
82 130
131 3
132 133
10 101
134 130
29 4
109 79
135 6
11 45
45 35
30 136
47 34
137 138
20 136
81 120
114 139
140 5
6 34
65 15
5 57
89 62
57 124
130 1
141 142
141 65
92 112
119 64
143 32
36 72
144 32
145 49
33 143
146 9
144 102
48 43
69 32
88 96
98 126
147 63
9 48
92 148
83 133
35 45
141 14
2 47
129 43
66 33
49 118
27 101
149 95
10 91
57 48
1 20
102 43
150 4
111 21
151 20
119 80
46 115
35 151
21 119
123 25
111 78
113 12
90 75
111 25
152 82
114 153
154 112
155 76
36 105
156 24
62 139
151 47
123 73
103 47
29 66
8 20
114 113
13 120
130 157
126 11
157 140
99 77
2 17
7 32
10 158
115 30
123 159
101 57
160 63
114 72
79 52
135 101
25 125
135 161
8 47
45 34
57 76
126 92
48 100
46 162
33 40
36 112
39 163
132 127
164 79
6 123
96 165
77 124
29 73
1 120
62 94
57 47
9 43
126 76
72 126
130 166
118 167
168 39
111 140
139 169
39 103
60 27
10 34
134 17
170 20
73 143
36 102
20 171
118 38
78 20
39 3
19 98
130 111
172 104
161 47
59 148
5 67
10 105
157 92
173 32
165 126
130 5
168 30
45 99
142 174
175 113
26 111
176 177
147 114
23 7
33 32
151 178
173 112
72 20
15 179
139 114
91 34
77 58
137 79
180 92
39 86
61 35
5 68
74 181
21 78
25 17
30 49
46 126
20 102
134 174
80 22
118 36
91 104
78 4
80 115
34 98
11 92
18 38
92 10
10 6
20 99
86 49
72 131
16 20
18 88
95 33
163 63
92 21
120 72
90 182
156 27
40 183
102 19
4 130
11 101
92 157
92 37
22 184
103 89
130 82
185 33
123 130
180 58
96 3
151 186
12 80
103 12
7 187
8 32
35 72
135 188
87 25
31 41
128 114
150 35
17 32
165 67
4 114
105 98
134 73
18 144
6 125
126 150
180 77
71 37
5 35
8 102
36 79
100 48
173 105
142 141
141 189
11 99
190 44
22 191
192 26
115 27
143 122
149 32
193 97
75 98
194 16
169 175
96 195
45 72
40 63
131 112
196 25
173 53
20 109
21 103
1 4
72 99
129 6
22 53
40 29
182 32
26 125
191 197
154 25
32 71
150 10
7 23
20 73
139 113
72 198
169 168
6 58
34 92
19 102
113 153
78 111
46 180
150 3
122 143
34 69
74 24
62 169
43 48
74 33
123 88
79 1
72 92
65 172
191 22
170 79
130 105
191 168
46 72
4 111
118 111
128 121
136 33
15 146
146 8
5 72
186 151
77 150
191 21
97 16
170 7
57 140
199 198
103 73
105 4
137 106
71 144
126 34
142 127
150 45
125 77
120 102
152 134
11 52
123 112
80 200
200 80
2 33
182 20
123 1
78 157
156 79
36 120
46 113
195 53
49 136
132 201
191 87
22 119
180 76
120 127
142 152
70 32
142 102
154 10
102 42
123 101
93 97
111 53
173 17
192 188
22 21
119 56
202 125
136 66
141 151
74 109
57 77
76 98
98 34
145 33
14 189
5 51
63 62
201 132
123 8
203 6
156 40
4 32
74 73
139 4
55 54
72 27
59 104
130 68
97 36
1 68
165 105
118 191
115 83
35 77
182 89
72 112
204 138
128 86
96 56
95 79
90 46
15 189
29 136
30 115
29 86
115 21
132 80
92 34
82 40
103 140
35 112
173 79
141 172
148 72
66 40
48 68
175 89
185 143
12 119
89 114
109 137
5 120
90 205
61 11
92 77
78 92
126 77
46 41
151 35
22 80
82 151
62 128
21 111
36 20
135 206
65 189
35 11
26 56
57 61
30 103
97 98
136 37
24 7
158 76
45 92
30 29
35 43
42 29
90 72
109 46
180 126
20 98
78 68
156 96
150 112
49 120
126 104
58 57
120 136
92 72
24 21
73 103
185 149
175 169
18 32
45 151
84 207
123 208
136 73
115 68
35 6
115 46
96 112
123 16
29 80
45 57
165 34
71 32
25 154
141 82
28 209
15 154
98 188
39 105
115 40
6 180
5 19
58 98
195 24
34 48
168 191
118 63
80 119
173 71
5 29
21 104
198 47
114 1
15 141
89 11
72 34
103 48
210 73
40 27
45 105
22 133
166 104
102 103
150 101
21 191
39 4
154 72
165 47
20 112
191 200
36 13
102 136
119 201
87 191
6 203
120 36
52 71
158 10
7 72
79 32
201 42
98 35
89 147
111 5
47 72
130 140
4 72
96 211
165 72
169 62
40 212
102 115
40 82
167 160
10 154
33 75
83 80
21 127
114 112
20 105
149 185
19 89
154 107
35 99
5 25
82 33
200 191
21 80
48 72
112 27
17 53
188 32
17 68
73 130
113 41
27 96
149 79
58 180
123 198
33 142
21 128
139 62
119 133
6 68
22 30
36 137
9 100
58 124
103 136
69 100
147 160
174 142
191 80
1 144
136 130
21 40
20 52
154 101
21 19
119 188
165 68
136 140
191 201
202 25
135 158
73 122
150 34
23 79
11 89
4 105
32 79
182 195
152 73
156 105
40 81
92 99
16 8
15 14
33 123
23 71
170 164
103 25
130 120
46 153
156 47
99 124
123 6
136 100
175 46
8 144
135 71
126 61
96 40
121 114
57 68
135 202
5 71
141 154
130 20
176 32
120 5
29 109
6 104
136 106
23 26
46 139
8 69
136 71
74 48
71 25
64 25
36 118
80 29
9 194
19 30
173 1
11 68
175 139
16 43
191 133
115 72
136 79
178 30
151 33
136 213
63 163
57 150
16 111
30 80
26 25
49 80
150 214
166 130
82 81
34 72
182 1
168 25
119 191
149 134
81 44
137 148
118 200
17 173
40 80
168 49
41 105
114 101
29 49
89 169
215 85
69 48
75 43
102 68
103 39
16 194
59 3
92 76
45 107
6 105
72 36
76 57
149 148
157 111
192 202
90 99
185 89
8 180
18 84
115 23
79 23
130 40
33 166
206 92
78 118
103 30
103 142
216 217
20 19
201 80
33 20
5 79
1 192
27 99
23 88
15 197
6 79
98 101
4 46
5 32
20 182
130 102
19 1
92 11
6 19
114 47
4 75
175 114
78 100
6 11
120 44
6 1
1 130
109 74
98 105
209 25
40 37
40 105
180 158
22 140
17 159
20 48
142 82
34 45
33 134
194 9
49 12
59 28
4 47
29 130
24 23
154 99
124 98
29 104
195 99
180 6
80 49
88 211
93 92
17 203
17 152
189 197
129 48
25 120
1 93
102 1
12 141
157 51
66 22
86 39
144 19
24 71
57 43
92 36
114 29
114 46
43 129
24 33
140 20
144 79
72 47
75 112
99 101
25 82
21 115
195 40
150 107
76 92
82 149
20 63
45 4
2 164
201 50
129 16
140 47
74 47
62 160
19 144
8 42
180 25
40 24
18 19
113 62
96 54
172 154
101 76
77 126
195 79
5 90
192 157
158 135
64 50
92 4
18 79
126 48
93 73
30 163
160 104
98 47
23 40
89 109
48 9
19 6
194 54
151 141
90 4
93 126
25 5
124 180
158 161
114 147
27 195
16 171
128 21
12 115
178 151
120 4
130 36
31 106
10 126
150 47
47 112
201 64
198 199
102 144
20 107
36 26
8 68
130 4
103 49
139 68
146 5
31 11
6 101
75 90
216 188
17 142
63 147
90 131
5 101
92 47
48 36
48 3
115 47
62 113
119 21
140 111
13 70
136 98
59 77
2 112
151 105
179 14
28 25
33 12
49 103
115 7
152 142
143 134
16 71
101 77
157 37
40 136
39 136
98 25
32 20
99 27
132 64
176 218
22 29
115 97
191 64
165 112
20 47
115 102
123 33
141 33
101 124
186 15
33 25
24 5
96 7
4 68
130 72
174 82
62 147
20 7
77 98
154 47
5 102
27 79
6 61
118 157
102 79
139 153
143 33
35 101
46 34
34 10
21 24
78 47
93 180
135 219
120 71
24 181
48 16
162 160
6 72
120 148
6 98
206 135
105 3
148 104
32 144
140 21
81 136
12 82
12 33
195 23
20 40
119 132
112 4
20 101
47 57
80 83
63 160
63 40
80 103
94 8
41 45
97 101
152 44
129 85
119 200
35 10
89 139
0 68
154 172
96 72
147 168
139 175
112 92
150 77
1 67
30 133
111 144
136 115
90 3
80 30
114 128
20 111
80 67
49 39
1 25
32 24
92 44
46 128
20 32
130 92
13 106
20 148
34 41
6 16
151 57
39 168
36 104
119 30
26 192
49 220
80 40
30 102
150 97
23 72
165 4
142 33
99 105
152 17
46 101
36 140
195 47
25 57
59 75
203 17
59 101
49 119
116 32
119 22
143 185
90 32
101 47
216 32
94 62
36 4
61 77
168 169
111 20
202 77
200 133
120 26
136 6
62 121
40 96
33 141
111 79
1 26
46 114
40 170
86 127
172 178
71 105
90 27
71 120
6 71
124 92
5 52
4 90
34 68
6 195
123 72
191 30
59 124
150 57
109 29
96 171
173 23
103 3
89 160
123 161
22 12
125 108
151 3
23 105
161 6
35 105
7 105
35 104
76 58
41 35
221 222
28 107
170 180
71 192
35 41
18 140
109 33
40 20
97 43
146 3
195 96
123 47
39 68
34 3
77 202
120 110
194 55
23 53
24 47
78 74
98 107
119 50
47 101
126 91
75 148
82 109
4 101
201 39
126 73
20 36
13 12
22 200
48 126
9 131
141 25
65 141
109 98
11 77
126 99
201 30
140 68
120 29
86 102
80 201
119 184
126 98
173 68
72 35
57 34
92 5
59 208
168 97
71 26
123 60
48 20
34 91
203 33
11 125
20 130
2 20
189 69
67 1
118 50
166 168
154 7
30 39
17 5
6 77
137 187
2 182
143 174
136 39
42 19
25 97
34 99
4 120
1 32
148 28
115 66
79 24
113 46
71 111
103 131
168 147
90 214
137 1
8 100
182 79
52 79
121 127
120 98
24 74
103 21
57 126
96 223
120 25
113 40
125 101
151 82
92 59
29 33
119 163
41 61
69 8
101 99
90 25
4 209
9 146
134 152
22 50
118 51
134 148
200 22
92 74
48 35
4 36
19 115
2 185
222 25
191 104
1 102
79 28
17 96
72 124
20 3
115 80
17 72
17 40
5 173
25 191
130 127
162 139
7 6
114 4
92 180
17 25
120 182
113 127
173 203
113 175
17 185
218 125
19 136
90 5
191 132
105 72
124 101
24 40
27 105
64 119
29 128
33 224
101 92
6 136
90 105
135 44
17 47
192 71
218 144
8 98
11 124
46 4
102 32
90 70
66 29
20 23
167 68
191 118
69 68
130 136
213 11
115 191
103 102
119 118
129 74
1 47
20 53
103 43
80 68
93 68
86 21
149 1
98 112
30 118
169 46
144 120
126 43
27 104
134 33
89 113
126 101
17 101
191 25
34 47
57 101
154 141
76 71
182 90
116 95
112 60
25 64
98 78
160 109
40 78
4 38
28 187
40 21
62 114
118 64
40 66
86 29
136 68
62 127
11 1
115 144
42 68
86 136
27 23
20 123
123 92
218 176
157 43
173 148
40 22
125 202
72 10
92 126
112 198
33 185
169 113
29 40
46 105
41 11
35 4
40 12
1 36
40 156
82 15
26 36
13 225
36 22
180 124
89 162
155 180
40 130
11 47
103 87
99 20
209 44
146 32
126 10
32 7
188 209
155 59
130 81
89 3
36 92
102 39
74 92
150 41
15 186
48 60
136 144
6 32
136 80
136 30
186 65
46 175
119 3
140 120
46 89
170 40
98 92
94 69
157 146
162 46
132 191
5 1
45 112
30 44
33 73
35 92
149 82
86 30
218 44
20 92
103 50
139 162
134 164
59 76
8 39
25 98
98 76
103 144
73 134
99 98
11 76
45 150
135 209
4 78
17 166
109 40
102 3
126 58
47 1
87 64
98 93
17 20
99 34
98 58
111 48
64 125
218 71
80 133
226 3
168 166
7 20
46 169
169 114
201 133
20 144
40 68
30 227
21 118
143 217
136 5
154 65
97 25
7 68
30 40
8 34
73 4
15 65
101 72
1 112
46 62
17 134
110 78
73 82
33 130
201 191
30 50
40 32
82 174
4 104
23 27
191 32
36 1
111 37
96 71
75 93
47 124
27 40
78 110
46 109
103 118
34 107
86 50
134 142
46 68
96 88
93 105
33 173
38 118
21 81
6 161
39 30
1 5
6 10
5 148
141 12
89 19
97 48
165 3
48 74
80 64
118 163
17 144
98 72
10 41
134 82
78 97
82 143
126 93
172 65
109 20
59 217
26 37
16 125
98 77
123 43
20 28
198 1
22 36
136 102
33 66
21 86
173 107
195 223
6 129
105 107
26 71
151 17
115 103
42 8
101 125
136 19
144 68
158 180
154 3
195 7
95 218
109 82
115 136
146 91
114 32
34 8
132 202
160 127
151 45
78 40
224 166
20 82
126 124
59 202
75 107
21 136
17 79
66 1
118 78
11 41
17 104
39 49
201 168
228 69
92 111
136 120
193 43
71 79
16 129
4 92
144 3
66 82
24 1
148 3
174 32
137 20
96 32
61 126
2 72
21 74
109 63
178 91
87 39
151 172
2 198
139 3
123 20
21 38
25 22
226 32
192 53
30 201
156 99
28 47
18 156
14 179
166 224
8 129
16 78
73 142
72 90
95 149
7 28
58 84
15 91
168 100
218 32
7 27
82 25
101 1
114 66
120 140
120 21
188 196
23 32
80 39
1 66
9 70
136 105
114 6
69 20
105 26
63 227
79 7
21 144
151 99
150 126
96 118
90 79
16 48
126 35
117 116
103 115
25 87
155 161
103 32
12 29
6 47
7 148
136 38
112 72
175 62
92 114
25 123
167 63
177 176
62 89
30 104
93 102
132 30
186 14
95 32
126 47
96 100
5 136
21 92
40 164
48 225
69 84
20 163
24 32
56 202
138 204
140 38
136 109
62 19
136 99
72 91
7 44
191 115
29 39
72 68
137 109
20 79
93 98
111 1
162 89
36 44
206 101
4 1
103 80
66 130
81 163
101 11
73 123
195 32
166 185
129 97
73 210
33 74
77 101
24 207
98 125
12 39
111 71
41 34
63 109
130 144
42 97
59 107
130 71
29 53
196 188
22 202
11 180
115 105
111 68
92 98
8 79
8 48
29 17
81 130
118 217
29 12
78 166
111 47
62 118
33 174
105 112
128 29
17 98
2 59
64 115
86 32
5 144
170 105
75 68
114 91
125 71
142 134
27 112
80 118
6 3
139 127
73 93
42 102
21 5
36 48
6 92
121 128
76 124
80 12
130 79
29 68
150 72
17 141
105 99
23 1
78 19
82 95
73 33
115 39
102 30
22 188
136 72
34 100
71 56
6 204
5 105
71 1
169 89
11 71
86 80
33 17
8 19
89 46
20 1
36 98
86 71
93 1
1 111
229 176
58 126
96 1
135 180
173 72
57 73
35 34
71 101
59 47
24 111
7 24
203 130
23 96
76 101
46 91
137 24
92 1
72 4
56 125
33 109
141 17
135 124
96 79
112 3
123 78
6 81
40 33
13 136
62 175
165 198
82 152
88 213
11 126
169 153
113 128
91 47
99 112
20 27
36 144
95 116
1 40
185 150
7 195
163 119
6 124
173 25
29 25
99 107
5 124
150 92
62 46
118 30
166 148
109 23
124 57
46 98
30 119
38 78
30 68
86 1
77 125
230 231
156 32
46 63
105 71
34 150
221 16
132 22
61 57
151 112
219 135
186 189
4 97
101 98
96 156
172 15
79 98
123 109
129 53
79 40
173 43
186 32
58 6
73 136
192 1
112 47
111 26
207 215
29 103
146 100
35 91
1 92
57 25
118 80
139 160
35 150
36 32
72 98
112 105
19 68
10 72
76 180
147 62
124 25
145 220
126 72
48 11
11 6
114 175
36 71
37 26
48 131
166 33
57 112
132 200
66 50
143 142
6 126
191 119
98 1
123 38
8 99
71 108
40 52
30 21
207 84
46 35
216 125
85 84
170 125
21 68
59 198
90 198
92 150
80 50
27 47
30 168
115 19
29 98
173 33
123 32
148 27
100 43
120 79
123 79
34 126
30 132
23 20
189 141
69 43
157 118
115 71
83 119
78 98
40 1
20 115
115 22
11 25
11 57
29 22
82 126
11 78
132 184
72 105
99 104
64 191
17 28
47 91
90 114
77 76
106 137
165 43
136 92
198 90
71 171
99 25
94 160
146 43
201 119
6 48
82 136
136 20
87 30
5 111
38 110
4 29
103 130
85 207
174 134
36 53
12 164
161 180
22 197
143 82
105 104
18 43
115 12
114 68
15 47
92 124
166 110
151 212
146 48
114 89
157 192
11 16
86 128
88 111
109 4
136 47
13 111
124 77
115 79
48 41
45 126
77 11
95 117
5 92
98 36
158 44
12 50
182 27
77 108
17 71
40 223
72 104
90 107
2 127
150 99
32 102
165 232
125 209
71 125
45 98
67 43
124 124
20 6
136 17
118 21
36 100
161 123
79 111
75 4
29 114
59 92
213 88
34 104
11 48
119 217
73 57
73 29
1 98
92 208
110 120
73 17
194 100
109 89
59 91
198 72
165 199
35 96
158 124
120 81
189 14
137 32
90 60
5 47
135 77
11 38
96 35
13 36
49 168
6 112
82 53
78 27
25 99
65 14
165 42
25 71
112 104
103 79
128 113
22 217
130 203
90 34
23 3
5 4
49 21
120 1
66 136
33 203
136 1
85 215
12 220
103 29
79 37
93 57
33 82
101 58
5 98
154 91
128 46
47 4
111 157
35 98
195 27
34 112
130 3
69 228
39 29
62 153
49 29
170 56
16 97
20 43
182 7
20 91
91 105
30 32
58 76
11 202
1 136
96 27
88 144
48 129
11 35
15 198
61 150
12 133
137 36
59 71
38 21
120 40
8 16
48 69
12 79
180 11
14 141
115 107
117 95
150 98
80 21
120 20
29 102
114 92
69 16
33 2
12 22
22 115
5 10
57 72
100 3
81 40
11 10
48 27
11 129
65 186
169 139
63 46
151 32
132 197
195 6
64 80
71 159
80 132
189 186
58 101
20 68
187 27
182 222
81 30
82 32
5 17
78 10
5 21
136 123
109 162
143 73
57 10
158 209
40 30
191 50
17 126
24 79
21 120
5 157
193 53
154 104
154 34
7 182
129 68
124 47
114 7
49 30
221 100
17 82
46 99
180 93
196 125
100 9
118 166
130 73
57 93
82 141
39 19
30 202
63 127
173 26
47 161
130 66
114 105
6 91
7 3
129 99
139 46
103 197
49 86
136 81
30 12
33 122
140 102
27 187
33 148
30 81
90 233
20 222
22 83
142 73
49 145
48 205
26 79
115 171
34 43
83 184
20 72
81 80
93 75
148 99
89 175
16 1
90 92
98 45
17 2
126 180
168 201
4 112
90 47
92 60
89 127
113 89
72 150
93 5
82 73
161 155
10 217
30 191
82 142
103 42
170 159
126 57
97 93
31 6
123 77
45 41
35 57
111 92
42 201
89 185
77 180
82 17
16 68
41 184
24 195
1 79
178 19
180 125
136 40
71 76
187 28
157 78
130 88
65 154
47 27
209 158
82 66
189 65
6 107
1 71
91 234
58 77
200 64
19 72
179 68
113 169
21 30
25 33
10 92
17 7
2 188
140 1
185 166
182 6
42 103
43 97
17 136
57 35
33 152
24 27
162 109
103 205
41 126
151 40
114 62
82 214
26 120
161 77
122 73
99 92
189 15
173 3
136 101
87 103
80 56
42 39
59 209
48 6
123 93
40 23
130 101
101 71
194 48
90 1
135 76
79 71
170 72
39 53
150 61
98 57
207 85
114 169
158 92
34 105
125 25
150 11
102 130
73 126
30 19
90 101
118 62
213 159
174 143
119 83
7 107
175 153
21 50
122 33
6 28
145 70
154 225
157 79
96 68
92 101
152 33
125 44
141 235
121 62
160 62
169 127
74 21
168 80
48 79
60 112
22 25
40 109
123 131
20 78
5 96
78 123
57 98
103 86
75 99
36 97
89 153
155 101
82 20
5 34
8 27
33 29
124 76
138 33
72 71
82 164
79 140
174 33
132 41
6 31
16 123
8 123
11 150
91 107
123 107
83 132
129 27
86 168
135 53
120 144
82 12
15 172
136 205
17 181
187 108
156 182
103 133
115 1
8 74
103 19
25 93
48 123
48 111
78 112
90 68
30 130
40 111
170 32
35 47
97 129
82 134
5 112
92 78
59 72
136 21
203 173
112 90
136 110
25 168
29 92
20 164
193 25
150 185
24 209
47 92
11 98
30 86
129 215
16 53
27 32
86 103
128 62
1 105
72 6
78 38
1 123
215 84
120 19
118 49
71 36
80 102
158 47
83 33
140 144
80 191
132 119
138 28
118 103
140 71
135 58
142 143
57 104
170 112
39 80
35 126
20 33
11 61
59 5
170 1
22 64
57 92
139 89
5 130
